eval_loss: 0.5580846071243286
eval_accuracy: 0.6784498559832417
eval_f1: 0.733275412684622
eval_precision: 0.7714808043875686
eval_recall: 0.6986754966887417
eval_runtime: 57.0253
eval_samples_per_second: 66.97
eval_steps_per_second: 1.403
epoch: 3.0
