eval_loss: 0.6582498550415039
eval_accuracy: 0.6325995807127882
eval_f1: 0.7749598715890851
eval_precision: 0.6325995807127882
eval_recall: 1.0
eval_runtime: 24.3408
eval_samples_per_second: 156.774
eval_steps_per_second: 3.287
epoch: 3.0
